1.1988011988012213,1.1988011988012213
1.1988011988012213,3.1968031968031516
1.1988011988012213,5.194805194805098
1.1988011988012213,7.192807192807072
1.1988011988012213,9.190809190809157
1.1988011988012213,11.188811188811291
1.1988011988012213,13.186813186813383
1.1988011988012213,15.184815184815452
1.1988011988012213,17.1828171828175
1.1988011988012213,19.18081918081954
3.1968031968031516,1.1988011988012213
3.1968031968031516,3.1968031968031516
3.1968031968031516,5.194805194805098
3.1968031968031516,7.192807192807072
3.1968031968031516,9.190809190809157
3.1968031968031516,11.188811188811291
3.1968031968031516,13.186813186813383
3.1968031968031516,15.184815184815452
3.1968031968031516,17.1828171828175
3.1968031968031516,19.18081918081954
5.194805194805098,1.1988011988012213
5.194805194805098,3.1968031968031516
5.194805194805098,5.194805194805098
5.194805194805098,7.192807192807072
5.194805194805098,9.190809190809157
5.194805194805098,11.188811188811291
5.194805194805098,13.186813186813383
5.194805194805098,15.184815184815452
5.194805194805098,17.1828171828175
5.194805194805098,19.18081918081954
7.192807192807072,1.1988011988012213
7.192807192807072,3.1968031968031516
7.192807192807072,5.194805194805098
7.192807192807072,7.192807192807072
7.192807192807072,9.190809190809157
7.192807192807072,11.188811188811291
7.192807192807072,13.186813186813383
7.192807192807072,15.184815184815452
7.192807192807072,17.1828171828175
7.192807192807072,19.18081918081954
9.190809190809157,1.1988011988012213
9.190809190809157,3.1968031968031516
9.190809190809157,5.194805194805098
9.190809190809157,7.192807192807072
9.190809190809157,9.190809190809157
9.190809190809157,11.188811188811291
9.190809190809157,13.186813186813383
9.190809190809157,15.184815184815452
9.190809190809157,17.1828171828175
9.190809190809157,19.18081918081954
11.188811188811291,1.1988011988012213
11.188811188811291,3.1968031968031516
11.188811188811291,5.194805194805098
11.188811188811291,7.192807192807072
11.188811188811291,9.190809190809157
11.188811188811291,11.188811188811291
11.188811188811291,13.186813186813383
11.188811188811291,15.184815184815452
11.188811188811291,17.1828171828175
11.188811188811291,19.18081918081954
13.186813186813383,1.1988011988012213
13.186813186813383,3.1968031968031516
13.186813186813383,5.194805194805098
13.186813186813383,7.192807192807072
13.186813186813383,9.190809190809157
13.186813186813383,11.188811188811291
13.186813186813383,13.186813186813383
13.186813186813383,15.184815184815452
13.186813186813383,17.1828171828175
13.186813186813383,19.18081918081954
15.184815184815452,1.1988011988012213
15.184815184815452,3.1968031968031516
15.184815184815452,5.194805194805098
15.184815184815452,7.192807192807072
15.184815184815452,9.190809190809157
15.184815184815452,11.188811188811291
15.184815184815452,13.186813186813383
15.184815184815452,15.184815184815452
15.184815184815452,17.1828171828175
15.184815184815452,19.18081918081954
17.1828171828175,1.1988011988012213
17.1828171828175,3.1968031968031516
17.1828171828175,5.194805194805098
17.1828171828175,7.192807192807072
17.1828171828175,9.190809190809157
17.1828171828175,11.188811188811291
17.1828171828175,13.186813186813383
17.1828171828175,15.184815184815452
17.1828171828175,17.1828171828175
17.1828171828175,19.18081918081954
19.18081918081954,1.1988011988012213
19.18081918081954,3.1968031968031516
19.18081918081954,5.194805194805098
19.18081918081954,7.192807192807072
19.18081918081954,9.190809190809157
19.18081918081954,11.188811188811291
19.18081918081954,13.186813186813383
19.18081918081954,15.184815184815452
19.18081918081954,17.1828171828175
19.18081918081954,19.18081918081954
